4
36 43 39 37 -16 6
171 37 66 43 0 0
293 44 65 36 2 7
413 45 59 45 2 8

6
42 123 38 37 9 4
158 123 42 37 5 4
273 119 77 41 3 0
390 124 64 36 0 5
510 124 46 36 0 5
630 124 45 36 0 5

10
36 283 39 37 -18 6
171 277 66 43 -2 0
293 284 65 63 0 7
413 285 58 35 0 8
522 283 38 37 -11 6
638 283 42 37 -15 6
753 279 77 41 -17 2
870 284 64 36 -20 7
990 284 46 36 -19 7
1110 284 45 36 -19 7

1
43 533 29 27 0 0

3
43 609 29 31 0 0
162 613 29 27 0 4
283 609 29 31 0 0

4
31 691 36 29 12 0
139 693 81 27 0 2
260 693 53 27 1 2
380 693 50 27 1 2

1
43 769 29 31 0 0

8
43 853 29 27 0 1
163 853 29 27 -4 1
283 852 29 28 -6 0
403 852 29 28 -4 0
523 853 29 27 -5 1
643 853 29 27 -7 1
763 852 29 28 -4 0
883 852 29 28 -3 0

2
41 925 33 35 0 0
161 925 33 35 0 0

10
36 1001 30 39 13 0
151 1000 29 40 11 0
265 1009 32 25 5 9
379 1010 35 23 2 12
493 1016 38 23 0 16
613 1019 37 21 0 18
733 1018 37 22 0 17
853 1023 39 17 0 22
973 1027 41 13 0 26
1093 1027 41 13 0 26

3
39 1162 29 38 0 0
159 1162 29 38 0 0
279 1162 29 38 0 0

1
36 1241 30 39 0 0

10
44 1322 21 38 0 0
164 1322 21 38 0 0
284 1322 21 38 0 0
404 1322 21 38 0 0
524 1322 21 38 0 0
644 1322 21 38 0 0
764 1322 21 38 0 0
884 1322 21 38 0 0
1004 1322 21 38 0 0
1124 1322 21 38 0 0

3
44 1402 25 38 0 0
164 1402 25 38 0 0
284 1402 25 38 0 0

2
41 1482 27 38 0 0
159 1482 29 38 0 0

12
50 1561 24 39 0 -4
164 1566 36 34 -11 0
284 1568 40 32 -12 0
403 1569 42 31 -11 2
523 1569 41 31 -10 4
642 1570 43 30 -12 0
766 1569 29 31 -4 2
892 1574 24 26 1 7
1015 1579 25 21 6 12
1129 1580 25 20 4 13
1249 1572 22 28 10 5
1366 1567 26 33 10 0

10
43 1643 28 37 0 0
164 1643 26 37 -3 0
289 1643 18 37 0 0
406 1643 19 37 0 0
524 1642 25 38 0 1
641 1643 29 37 0 -1
764 1643 25 37 0 0
887 1643 17 37 0 0
1006 1643 18 37 0 0
1123 1642 26 38 0 1